5731 309 3263 8803 7805 9731 3359 2222 4640 6732 2492 4158 6411 1723 9428 7681 5768 8131 6342 
4529 8969 3117 2395 4457 7853 8507 6332 3034 6191 1273 402 8045 5817 155 9712 5785 6594 2418 4954 
5386 2486 2760 7297 3824 1738 9993 4382 9163 5919 9269 8619 5814 1461 8080 4026 582 6109 8682 7931 
5688 7465 8519 3799 4584 4166 4184 1713 8152 4781 6123 7092 5622 8618 1467 6729 3803 1278 9040 6767 
6982 2685 2232 5853 8819 5137 7011 3259 6358 7812 7129 8993 796 3906 6052 523 4881 8464 1408 4628 
6532 1579 4941 7594 2159 2915 1568 432 3424 9602 8340 9574 3101 9296 8003 2962 3375 7551 5317 358 
2622 2850 4618 1170 6368 9348 355 8259 6081 6221 6502 7224 1322 7218 6148 5830 1945 3639 9029 3898 
7057 2659 5023 4218 352 4664 3911 8123 3306 9703 1293 6284 6891 3041 4884 9838 9431 3148 7922 7628 
4429 9930 4885 9973 1313 7238 8395 986 233 7971 7494 5905 6662 1500 6856 3144 2377 4219 2764 8778 
1162 4513 9257 9615 9241 8135 9035 276 3700 3629 7706 8910 4528 6878 5039 1152 8279 6463 6960 9324 
7857 4015 5066 5855 9132 5722 7236 2717 6713 656 9240 9264 9912 8374 9244 5797 8054 8488 1621 1732 
3512 7013 6523 7423 3156 1409 5502 5226 8781 765 3172 923 5021 27 3371 9491 2093 1581 9837 3542 
9595 2946 9698 115 3074 4399 9830 5257 3646 1052 9444 9560 654 9926 9705 6412 3693 9667 8614 3506 
5368 9182 1933 7245 5020 1521 5566 173 2598 8743 7007 1824 1785 4599 1314 334 4185 7406 4987 1484 
973 5154 80 5472 644 3929 1557 84 3695 9221 6141 4197 3058 9668 1406 7593 4812 9333 9189 4186 
6046 1762 823 2791 3428 7155 8249 3490 8004 159 1308 2800 7876 9262 452 5042 5446 7945 1596 7950 
4609 1511 5189 1075 9490 1015 8834 9876 3313 6274 7916 5748 725 5878 6512 2460 9606 3761 1766 3382 
1181 5485 3986 4958 2075 7948 3856 6654 3649 3211 1006 76 8176 2973 3937 2984 6504 6804 4188 1755 
598 6231 4906 7818 3471 7454 6643 8698 8029 4071 9991 4267 9226 2512 97 4530 1402 3090 8429 9235 
4245 1194 5160 6406 8810 5210 7097 4601 8757 9729 5901 4268 6404 931 1502 717 5140 9183 5548 7662 
3914 7597 3897 744 8221 7638 6104 3954 2065 5253 127 8049 188 6348 8121 4659 6990 77 9978 8974 
7968 9205 8643 3650 4803 6341 1424 8924 3940 5885 9082 5344 1346 7614 2778 458 9217 3643 6299 1538 
3300 6561 3155 213 6629 6494 449 9632 8631 291 8768 422 8265 4825 5211 5235 8591 4463 1625 281 
1765 9947 4729 3669 268 9399 987 9138 6024 6462 1526 8695 8253 5017 1253 1228 7591 1243 1290 8712 
4990 8512 8989 288 419 9869 8942 5385 9775 9420 5743 5956 6992 8772 5100 2484 6087 6314 9003 1733 
3159 1442 8422 5120 8641 8809 7908 2479 1336 5319 7496 9751 3223 4889 2829 6634 1694 3010 4292 8325 
2393 612 4290 4277 3064 1437 3415 801 7643 9267 1171 9771 9337 4202 7001 5656 8026 586 6 2896 
2937 4588 4959 5807 6083 7797 7173 3697 7813 572 937 1741 4415 9077 5188 6370 5171 4106 6497 7988 
704 7281 7443 2782 7596 1794 4239 8264 9809 6010 3303 8517 2974 7803 5997 5982 1256 6430 7749 8914 
6012 1563 5054 5426 9095 2383 4892 4553 5088 1213 9944 5131 1104 7710 298 8453 9686 1113 8799 6190 
8686 1210 1016 4967 7150 6859 3337 7996 6997 9768 5907 8594 278 2421 9566 8355 1001 8412 7261 1168 
3339 5221 4962 3126 4870 3716 9482 2302 3342 5314 6566 9643 5098 1820 6812 6063 5245 8671 8855 8142 
9510 9989 5212 363 50 5126 6998 2679 8673 930 6140 5629 9092 3724 8067 6813 4900 2741 2901 6056 
1418 5598 9391 4522 2814 99 8161 4979 9405 574 9102 5902 8647 7449 4079 8598 2971 8961 9078 1031 
4250 8869 7844 4581 3294 7345 3615 3310 7546 630 7147 8934 7788 6260 9934 1193 7962 6686 8083 9256 
7758 3782 6940 9260 9008 4715 3660 440 1864 3588 7187 4731 7939 262 3344 4617 4152 3759 767 9224 
9871 3590 4918 5959 6788 2196 9387 3722 9858 3475 5511 8941 9568 5708 129 4824 3720 2868 5136 1209 
4856 624 6305 7901 2280 5127 6911 5866 3157 1174 6401 8354 8636 2462 9672 1914 5724 7250 3491 1183 
7526 4118 4686 1272 8456 3422 3637 8667 7532 6827 482 6091 9310 9757 7841 6668 8813 3358 617 7043 
7744 73 2653 9676 2524 4576 1506 8473 341 5726 9679 7227 6691 3930 596 8110 246 3395 3281 9655 
4020 9352 8543 417 4984 4107 1991 1142 843 4379 7171 227 6112 6334 8437 377 3905 7493 5514 1930 
6657 5950 2617 3995 636 6383 5540 6705 9113 2035 6030 633 8570 4422 9629 9755 242 5233 7330 9499 
7113 5173 7432 5364 1601 1757 8962 8039 2552 889 5576 7311 7868 5128 1714 7257 7535 969 5754 1379 
481 4575 3392 6247 9892 5322 2166 7668 560 5568 9349 391 6831 1222 3530 2730 5434 736 1027 3087 
2082 6748 2399 6327 3152 4842 7106 2543 2191 5873 9378 6885 8469 1028 8617 8693 282 6650 6381 8167 
7424 3596 6250 2932 9312 3389 1690 3472 8014 8435 5752 6121 2682 1826 5094 6665 9644 5424 4263 489 
1593 8894 7158 4642 7666 4137 4332 5893 387 4698 4961 9813 7065 9786 418 1252 5287 6867 680 2111 
8339 3605 879 3855 6281 9639 6202 3893 8740 2029 6890 6707 2586 6690 3577 9966 7860 6042 502 9277 
3844 9359 2744 9801 6206 1339 9292 3215 128 4122 714 4064 1248 8368 6698 5407 4753 9943 9318 6580 
8670 2122 9072 5158 4614 9660 3689 7944 8506 4982 2810 9380 3835 4604 2623 7209 2046 30 6375 5279 
9341 9754 1375 3129 3 4297 9980 2979 6361 7798 8419 7066 594 2566 9060 7268 7836 6218 3976 1262 
5994 674 4700 3304 8203 7891 6735 5169 3742 6833 6477 9967 7364 8866 2010 5032 7987 1811 8326 6696 
5984 5852 5282 9406 3917 1297 3335 7691 7667 6265 2526 1894 2805 7375 9117 1377 1522 3547 5630 415 
4017 435 9130 4734 2619 4774 999 8954 4740 1617 1902 6685 4389 715 6866 7303 6084 2148 2581 894 
189 797 1119 4867 6077 6115 6811 7847 7528 5115 33 70 1206 9346 314 8805 5074 6862 3713 3387 
1039 4161 8880 2249 4963 3925 4141 9985 9192 2584 6979 7887 7807 911 126 2221 650 7783 2317 9804 
6847 9457 9800 1559 7850 8996 9172 3701 3079 9874 5744 709 7202 6129 5296 1543 6989 7383 9227 9995 
6597 4865 4047 1351 9300 1234 1011 7802 9470 7091 5425 7527 4500 9896 4387 7148 8522 3078 5473 7339 
5735 3119 3524 7272 1764 8798 8100 8192 3251 2309 2726 362 3887 5791 8451 991 4000 525 4942 407 
6064 4971 6939 5428 9654 2583 9486 5934 2735 1179 7547 4807 2070 2917 3433 643 2531 7570 1446 7617 
9513 4978 3379 4644 1286 8857 8298 8789 3134 2164 9592 3411 1653 6530 3113 4253 9905 5957 6936 3116 
3407 3916 6437 4577 3154 9242 9829 8329 6282 9742 4690 778 225 9479 1873 6552 1949 9390 8484 3858 
6888 8917 5427 7559 9697 9197 4147 5229 4721 1220 6118 9255 6782 2472 5545 2322 4940 5234 7928 5669 
2817 1295 8590 3553 59 9737 6028 2408 4573 9153 3960 9435 8902 1008 8818 4533 8250 8293 9952 5964 
2840 9376 7211 8593 7964 6471 9238 8204 5703 1298 3187 2992 6223 6607 7348 3711 7028 1558 1979 7981 
5717 9340 6173 5944 4760 1452 1323 5203 51 2589 393 5176 46 3663 8990 1728 4952 8106 5172 8663 
6725 9558 3368 8102 9067 9179 5097 5046 2214 7229 8055 2487 8672 7298 536 3291 1703 8508 2510 2006 
8057 8165 1180 5308 3662 9785 3048 2284 3705 7088 6330 4116 6929 4890 9567 7240 4311 5117 6441 125 
6407 7336 2192 5537 5755 7254 6050 7890 9258 5278 4361 8832 1753 2151 2734 3068 409 9074 4191 22 
9762 4331 7426 7833 9090 8563 2199 2995 3482 1503 4517 7241 8928 8390 9814 6006 9791 9308 2574 1782 
2146 7169 2588 1528 1671 3486 9368 6323 1084 9239 2461 9764 9400 4446 8442 1177 9143 6886 3934 916 
5741 7520 3373 4165 4737 7698 9970 2375 6096 1425 4621 3451 2831 4542 6310 7306 9969 8439 7294 3988 
8582 2263 6988 820 2450 8234 5935 748 9314 7080 1623 2366 8036 8920 4440 3494 7060 887 8345 5091 
4569 7575 2278 3900 3244 403 9011 8077 6352 4688 4789 4229 1545 7697 7048 4880 1941 8093 4257 5542 
7679 8132 3185 9469 890 7759 8737 9043 3640 631 8549 9556 1697 5916 8246 7455 9044 9657 2372 3852 
3273 9608 6023 6849 7994 2547 4711 818 5384 4349 9481 1207 3541 2241 5802 1953 5729 6593 1987 1421 
5029 7437 6396 4406 9696 3886 1983 5480 5196 9408 8150 3442 3328 1376 1309 6906 3633 81 7659 6032 
5872 8687 8892 2295 1901 9706 6222 9998 8277 292 7387 9334 3405 6591 111 741 7040 3975 2732 7509 
667 1589 216 2651 4496 2795 7299 1988 9773 8967 4738 6033 597 5249 4695 6573 5155 8455 8793 4051 
5609 4084 5596 4059 9287 762 5085 5345 9802 4974 8629 9047 8612 5888 2656 1923 6476 3997 7366 1943 
1439 3158 7233 5297 4678 2725 3584 8388 2657 9039 3441 6800 65 739 5586 4913 2442 9396 4390 1848 
6568 7555 5141 5231 9627 3499 4498 9961 8149 3830 7459 8766 7741 9031 936 6131 7105 8710 1492 3874 
192 7538 4143 8659 8929 6540 3939 17 2944 6743 6014 6799 2757 7277 3798 5004 5432 721 3613 9266 
7034 5192 5496 8410 5687 1705 9827 7456 9671 8494 1591 7450 6630 8702 2333 2203 7558 3739 9159 2415 
14 1058 7921 9458 8185 469 2649 4585 5910 7172 7571 3014 4950 5954 3314 8765 7104 1555 4142 1359 
7176 972 7461 1277 556 3135 83 6034 3796 1884 6781 6880 4832 4656 6624 9663 3873 616 4960 476 
6883 6331 5519 8327 3175 3671 5469 9483 7896 8383 599 6490 6649 2049 9783 3843 3285 7993 7769 3728 
4423 9640 9766 8239 9776 2126 4485 463 4839 3124 8377 8311 7012 895 2076 9730 1237 7074 5808 6455 
629 4632 5730 7838 4266 5190 4689 9511 5147 5488 9450 6319 6857 497 1896 389 7405 6953 2635 1340 
5943 8023 7837 8481 2650 8125 1159 4320 883 169 9152 2758 2958 9367 1403 9850 7170 7321 3812 6730 
6439 2134 4375 9252 2426 3324 5727 196 5460 3955 7525 5392 5648 2042 9651 6658 1600 5999 2098 7630 
6255 2694 7457 577 7419 792 4098 9638 8554 7489 666 6313 1514 5834 5573 607 8547 4527 9821 1178 
1257 9877 152 3842 3983 809 9551 4276 4338 6309 6817 5534 8020 4895 120 2456 7918 9216 670 8199 
2961 4754 3814 3082 3425 8763 7185 9223 5360 8094 3559 392 5932 8706 4619 6807 4201 2642 1590 3362 
1312 9999 7400 9918 3417 6810 1946 9018 8011 8511 8787 6116 3225 5181 2412 1615 5293 4237 3984 3688 
9025 5903 3550 6350 6415 5138 7905 2158 1012 8241 274 226 6167 6085 4682 1240 4966 9616 7205 256 
3234 8126 505 6234 9362 9620 9533 1038 5213 7598 3045 993 5307 5557 9467 5254 7589 3996 3361 995 
592 6286 1144 5328 3946 9911 3274 3833 8430 1224 5662 1888 7507 5769 4139 4153 4365 5415 5436 2534 
4220 3522 9198 3926 2019 784 4555 3020 7912 2368 4883 7873 454 1853 9942 4030 3653 3463 1719 6928 
9895 3351 4868 4451 9363 4598 9702 3735 5373 2711 40 5018 6932 5739 8622 1955 4980 9500 6546 5955 
4673 547 3030 6007 2321 2865 2565 2114 9794 9509 1814 2058 6522 3288 8691 9537 5356 3945 2455 3936 
7605 1556 9932 9769 1797 708 3529 4492 9963 488 1547 8856 6803 6035 4710 8371 2674 719 1460 7549 
5195 2047 2928 3377 6304 7253 9517 102 6647 1664 6557 9903 7768 1259 1857 9200 9369 3993 6706 4831 
7076 3987 6491 3253 1754 4833 9641 8865 5988 2053 567 1110 9687 2666 6619 2084 3749 5569 2611 4299 
322 7231 3533 6183 4427 2825 8754 8751 4317 4843 6245 6744 5516 4801 6405 9052 545 438 3481 7222 
1097 4771 745 4809 7743 3623 9520 830 746 131 2243 3828 8675 6066 3256 6733 976 1912 2772 289 
6417 7008 8171 3672 8800 8342 7674 3618 5298 3279 7442 8745 8624 9534 9478 4817 738 147 7269 2385 
8164 5374 3032 9888 6364 1087 3958 587 6975 2099 707 5383 4038 8090 9873 193 5145 7090 2554 5207 
615 4819 7495 277 4670 8718 6920 5041 1835 437 8155 3318 5976 5092 4410 3645 1494 6627 2815 5667 
6098 4392 9494 944 4480 9475 6321 4285 5165 8147 6079 9394 9070 7756 7266 7608 864 2409 202 2223 
9763 9445 1584 4997 1759 9279 5187 9086 1662 9447 9328 6178 7935 184 5335 5758 3085 3212 1978 2202 
3818 9924 9009 4265 8744 6873 5927 9423 7677 569 4273 296 6818 7095 9808 9760 9124 862 2478 4222 
9263 4951 1673 9061 1018 6296 2509 1094 5561 467 3370 2747 7372 8916 7852 4069 6432 2142 4313 9781 
7324 1395 3847 7580 9330 4048 6719 7140 2410 4085 9798 3869 8872 357 5863 4206 4561 2413 9305 7544 
621 8445 3165 5208 3340 3102 1337 3656 41 2983 2920 5858 1440 800 2931 7200 5416 7481 9647 1130 
2184 4701 3632 180 2180 9169 8334 4506 4669 6964 8827 2535 6694 6244 978 6487 1800 9710 3019 897 
5069 9950 2873 5871 663 9732 1666 9026 3059 9171 3416 5081 2742 8600 5442 4871 4 2247 2140 37 
3883 4024 1009 4293 4146 6848 9972 2855 4937 5720 2030 4321 4223 1748 4563 1523 8170 199 4863 2108 
815 5555 2291 807 2296 4943 4894 4304 7720 8258 2594 4314 2537 20 1335 2748 1324 927 8804 1046 
3706 5505 174 4587 2646 6343 7244 223 6863 163 1369 5015 1799 4309 9846 840 834 9186 3418 4838 
79 7398 2420 946 4933 8266 8186 4421 2341 1249 3227 7251 1063 3069 9501 6925 9409 1017 7036 6527 
7350 3971 3011 8337 383 1763 7553 9793 1141 1546 6734 6893 1849 6796 9041 3264 9355 2912 2986 3765 
7216 2664 2556 4318 1648 7335 6156 8739 3670 4600 4667 8747 2780 5302 2639 4755 1924 366 6687 6326 
4467 2963 6954 7327 8829 367 7411 8949 7103 9083 9832 8701 4663 1173 2217 8215 2993 2902 6325 8128 
5048 2579 5589 6721 8153 3191 2120 9443 2304 6106 9519 8162 9865 320 267 1969 5675 2155 6424 4647 
4269 6775 166 8286 2751 9653 6598 1035 495 9295 315 6669 336 4061 8143 4391 6785 6418 6750 8461 
9983 2532 4773 9089 1165 941 1232 8268 2976 5665 3476 7653 1747 5050 7880 7278 424 9777 1899 5933 
2909 9956 8922 9675 3131 398 7508 9908 8289 9137 6728 5525 7286 3733 1937 3599 6458 2700 200 1328 
3561 7138 4083 953 4790 7436 5587 8112 2040 7982 7717 251 7661 4312 7699 6586 7843 8278 4199 5844 
2096 3277 4486 6898 2643 7567 9311 1587 5225 9476 9134 8330 7672 6235 3024 9921 7729 9652 1231 5052 
8194 8219 4800 9343 4724 7919 2480 1509 6626 1082 1164 2145 5448 5419 4032 9126 9336 3203 2417 1167 
4211 339 9649 7354 4995 5241 9758 9014 7305 740 7568 6541 1362 866 5316 3319 1096 2230 8091 8085 
1791 8978 3631 8333 8520 3868 2285 4652 7142 4364 9034 5900 7474 7989 1100 2143 3514 2264 684 6579 
774 7162 934 7785 8950 771 5238 581 8491 8689 6896 7627 2080 3147 5269 2796 8534 9045 4816 2356 
150 1246 9317 7917 1796 5654 1657 7181 4420 3384 2753 245 4592 3120 8898 2618 6429 8459 4564 4426 
9073 5869 7502 5874 7123 9424 2638 4657 4922 4836 4449 2602 3467 2770 3096 2234 9646 462 228 9503 
1807 6158 4031 4728 7791 2198 8931 3825 1553 5554 6076 1223 5764 9586 2195 9345 5107 6162 8613 6176 
7329 9140 1251 1488 5106 7907 1882 4541 6770 3386 9665 2667 6697 8156 3826 1968 3875 4077 2513 9472 
2307 1288 7232 7291 6601 1139 6518 5457 7249 8717 7476 9471 8280 2844 8588 9962 8542 828 9722 4042 
9664 3947 2641 5232 5719 764 571 7107 5228 5716 2328 9723 9625 6122 551 7422 9004 9974 2688 5612 
5456 1737 781 2001 1716 1353 5491 6021 9914 2738 8235 4624 2430 2628 8742 4352 6757 5803 1137 2183 
8790 6177 471 2057 5337 8871 6625 1693 9247 9307 7708 963 6526 3737 541 2906 6466 2853 1622 5611 
9304 1999 7540 9175 576 583 7790 2740 1473 958 9878 4507 5486 1357 1296 682 2162 544 364 6500 
413 1655 4557 4713 6671 7565 3378 3114 4705 9743 5783 1628 2544 9599 1285 8861 3644 8109 5133 5376 
7127 4524 2275 6145 7671 5466 5684 6189 4932 6465 9597 8553 3774 3862 1566 240 905 8936 3084 9807 
7809 8428 7004 119 5565 3823 2163 1675 2877 5610 5836 7196 8187 3686 1432 7745 7552 4176 3576 257 
5418 4164 2809 8097 8532 3091 2440 2981 3100 2624 283 5467 369 3106 9691 1315 4596 7967 2240 3446 
5695 9214 7101 9853 3432 8402 6578 6600 8722 3778 1132 9505 3484 206 3054 1771 9836 3810 5035 2968 
742 7279 9929 2977 1400 6196 2414 4011 1756 1708 537 4641 2575 2381 5246 3003 6555 2680 7133 5806 
3404 8630 836 1827 9429 618 9088 871 2604 1093 8063 5103 9294 3690 6826 4797 8957 2306 8284 5572 
9270 1420 2338 7363 8749 687 6277 5082 8365 3454 6068 1238 6216 4643 9274 4653 6564 595 4607 6828 
2911 3329 5487 8561 8652 9139 7548 6456 835 6971 8031 5093 1072 9207 5163 9591 4162 8764 8860 4508 
9548 535 4110 5709 1307 105 2702 7014 1456 1702 7924 89 460 3455 4706 4232 6534 8492 1163 4001 
4919 1886 7125 3704 7629 3516 3587 1073 3811 7670 5698 25 2153 4401 6963 2370 9212 1510 456 7695 
4362 8262 1649 613 8227 9699 7795 6845 2578 3297 270 3505 8684 9917 8233 8876 1381 3025 9493 1388 
5712 9927 4002 1478 8944 4735 1536 9920 6875 9001 2838 5981 327 8785 9707 5089 5398 4660 5851 6363 
1868 2118 8988 5260 8650 7124 9289 134 9097 5194 1642 1049 7592 1320 4897 5164 396 1195 8357 2176 
806 4751 9750 3161 4638 1482 6347 1548 6127 5930 952 8141 4181 3063 3666 168 6999 3751 5772 832 
5281 2396 5823 9902 8688 7694 7686 7280 9780 1872 1740 2326 8616 1191 698 1495 2994 8633 2790 8489 
7262 2504 6572 5798 3143 3882 8297 8024 6830 6020 3053 1920 4249 7577 9818 9002 543 8499 3181 7003 
1700 6840 7603 7338 4501 6251 6667 5327 7599 186 2299 3978 5723 7746 6765 9371 7085 2227 9596 2125 
8035 6703 6384 2157 5867 1816 7882 8773 9116 5206 7904 4195 5524 8393 1898 6320 4286 2173 2387 205 
5967 9253 4305 4280 4234 6382 728 2350 6702 8104 3840 2104 4055 1743 9619 5028 5661 7078 2927 3343 
9740 5908 5697 384 4648 9125 3267 9248 9579 1936 6344 4125 4818 5468 7263 9053 2807 4998 2335 8129 
2313 113 6065 5781 6380 5618 151 7190 8665 194 4270 8997 5198 6951 2431 4105 3790 3564 6058 9986 
4168 9997 1458 4858 7913 7276 8831 5774 6897 162 2034 7042 7537 4512 6809 5036 453 3207 9527 4216 
530 9810 5009 3594 7886 8560 1136 9019 4050 3699 3296 6051 7462 5076 2728 1806 6983 6449 2887 6275 
6453 8195 3982 3738 8585 6329 302 3747 2488 6913 5551 7149 2687 8116 8076 5144 1989 4452 9844 1651 
3922 4545 942 5343 5220 2083 1129 6154 1024 6489 6301 8571 5435 1842 4727 1965 8654 6910 4623 7284 
5493 5202 4829 9587 9110 5346 570 8973 1711 6423 459 5267 7307 3527 5747 477 4228 9569 3007 5711 
6212 4977 1554 3247 6560 395 1921 8982 9925 6057 2942 6457 5222 5553 6926 9243 1487 5848 2925 5567 
4625 1516 9195 4787 6132 6754 7564 3802 2218 1013 6525 1840 839 4970 2941 2648 8905 5628 2953 7201 
3444 248 7740 2168 3554 4134 6059 4372 2794 4891 7524 8568 5449 3859 7333 8168 5122 3060 4717 9872 
1685 7382 9982 4559 6398 1083 9992 2563 6742 867 9432 3022 106 5990 7782 6666 913 7816 8037 9922 
35 4327 9601 351 4136 679 5243 388 4550 8847 8287 335 1843 6169 6612 93 9164 6606 3932 5371 
1735 9193 6328 5532 3271 5450 5922 5652 4306 885 9297 783 5055 8525 7959 9178 1197 7754 4413 3242 
6270 5849 3033 7604 8680 9904 7652 8884 8587 4484 6486 7522 7961 7358 5507 224 9151 3308 1125 5274 
6710 3816 8912 910 3566 1196 1135 8792 7992 1846 6150 4633 7631 971 8046 4907 7087 3923 932 5592 
9071 3309 8526 2436 3322 9162 681 4340 4076 260 7445 297 874 9148 6610 6278 8386 4887 9128 2919 
6492 4260 8724 1124 921 2851 998 5840 349 1025 5277 2397 137 8877 5367 5490 1172 5396 3602 5822 
2710 1166 8756 8501 4799 4130 9557 3327 7633 8098 3709 64 8070 2811 2812 316 5986 4126 4811 4235 
9507 68 8139 8418 474 1070 4677 1718 3853 7325 562 2150 1869 7165 7463 753 6026 9981 7984 1108 
8073 8447 5255 305 1505 9864 996 1005 9863 5199 5766 7037 5617 204 154 3293 6133 8515 6261 3056 
4763 4518 5401 5634 779 5102 7521 9188 4504 230 2106 7779 7403 875 9146 4964 9682 7213 4183 3593 
5653 1260 1683 2886 2559 2733 8389 2774 9105 1599 5438 6602 1034 8103 6792 5694 5643 3452 758 6636 
3380 9571 6062 8042 9915 7865 4240 2784 36 2312 8269 3083 1630 668 9859 1131 9988 5153 2573 3746 
8661 5825 7175 2769 8913 6778 4434 5674 8231 2816 7414 1544 9187 4770 4938 8919 3520 3316 6712 6082 
4466 7752 3430 7320 5876 842 8727 632 3166 6053 9522 6414 8611 8994 3784 1916 9593 1202 6968 9306 
1795 3989 1099 5831 208 2235 6142 9373 692 6376 3233 2447 9104 9118 2866 9987 2505 238 7874 6004 
6005 8873 71 8541 9100 7189 7864 31 3710 5105 6264 9000 1219 6581 4437 3928 8272 7771 9662 3093 
7723 6229 8421 2923 3146 2032 5671 1660 5780 2262 7022 3464 8948 854 2141 9550 7061 4049 9948 6473 
9607 7102 664 2186 490 3180 9518 856 1520 9211 5262 7458 9685 9916 3289 7991 1861 8653 9521 8955 
8328 5737 8407 6475 9108 9860 8405 4482 2893 3586 8984 4398 8791 8900 3192 3837 3949 9006 203 6820 
4279 385 793 7163 6869 3435 400 8404 3164 4551 5826 8444 519 9115 8887 5574 1959 4780 9121 2826 
3431 9236 4794 3042 7897 2008 6102 4765 9692 845 7500 1964 1188 9357 5923 3617 1062 4100 5749 2493 
6618 3150 7958 5911 9546 4537 6741 2779 1299 529 2466 9064 5672 8013 9204 6355 8403 9042 5313 2854 
6855 8273 9581 6446 44 9259 5134 3213 6392 1678 8466 7070 642 6556 4430 4345 8937 6362 4536 1866 
9316 3408 3047 95 2068 5159 4133 7164 9403 3381 4363 660 1701 6272 5166 6758 2820 1117 7727 2334 
3195 5306 2390 3977 6834 2072 8551 6288 3574 7534 5479 6373 730 5978 8738 6069 4822 3675 4910 4603 
5761 6688 69 5311 4747 3008 2884 109 5757 6496 1462 1582 967 9131 8005 1607 3972 218 7491 5685 
8012 8638 8976 675 133 4719 2724 2219 6738 2014 7578 9881 250 6043 5953 8850 8001 2626 4929 7651 
3680 6209 5420 761 4226 3457 9426 4208 9545 9144 6773 8229 8347 2721 6040 602 3055 4986 3015 87 
5832 565 7665 264 2576 7722 6105 5595 3230 6567 553 2703 1986 2107 6170 4366 18 8536 5583 3575 
4784 8940 9254 773 2835 7946 1127 3169 1836 5263 7367 4159 3581 6993 3863 9735 6324 6553 2785 7346 
2540 5839 5390 3583 8475 7386 662 6777 1636 6545 7093 4554 917 8625 4343 4549 2011 2013 3829 3919 
8000 755 4460 1783 1760 2224 4275 3813 375 5353 585 690 9087 9724 90 8796 6174 5582 9824 4579 
7146 7581 1032 6570 7265 8642 990 4851 6550 3654 5909 3013 2433 4150 6563 4400 7506 6307 6701 4172 
9057 431 6016 8705 1469 8006 1398 1445 3186 5355 9280 9147 423 8025 4442 3861 1468 3551 6876 7160 
2294 1338 8985 2344 3683 4743 7972 7974 9529 9516 4726 3730 2348 7647 1552 6795 8500 3182 873 2268 
5544 2489 3367 3197 3275 4548 7673 2783 2279 9497 8935 3334 6204 2570 6279 2533 8555 1841 6908 4300 
103 8815 4905 5268 4750 2483 8529 8225 926 5715 9919 7310 8021 7041 2422 3017 2007 2147 4874 7447 
6377 3509 9726 7808 696 8816 9401 811 6670 4866 8189 8425 9788 4767 5664 2799 5063 3604 954 7242 
3896 1184 2660 4324 1686 5784 8833 9683 7121 6088 9015 7183 1632 9826 7867 947 7814 2980 9884 1078 
2229 7122 8825 177 538 1729 9237 1985 2595 7468 2882 5948 426 181 3498 9744 4917 3232 3791 5707 
8480 8669 1815 7144 1067 5124 9630 361 7600 439 5240 323 9356 2610 1911 2438 3095 1803 6445 2949 
6322 8321 8214 5677 3414 7830 7859 8548 9323 4665 706 6720 455 5530 6693 3071 9180 8559 7566 8814 
1370 2382 8735 8753 4157 300 1833 1736 4271 2605 8930 8479 4988 3128 7225 6676 4252 4779 9576 2236 
962 6454 9076 7932 4029 2671 1175 7767 2502 4357 3763 4333 3677 5109 7664 6311 5459 5829 8048 868 
2985 380 6180 7301 6374 805 3333 518 3210 6838 412 2246 7879 9642 3708 4470 2662 2496 6843 3634 
4167 9666 85 9114 2861 900 1103 3607 3565 8821 8775 7753 9048 4612 4796 3089 1571 849 8498 522 
7210 3478 752 8314 2025 7033 6166 4989 8417 5620 9831 9774 645 161 9733 7154 7038 7792 7212 6991 
2182 1549 9759 2518 2089 1692 7601 4310 1361 8086 6444 6421 9393 7770 8975 6756 1282 4676 5966 1770 
9127 2892 8316 8263 4298 8309 5604 1092 8290 7499 5242 6207 9565 8118 8862 4469 6469 8495 2105 7903 
7100 9079 1776 3239 7645 1216 1160 8431 8411 8656 7728 7497 2802 4873 57 3877 3398 6269 8537 1769 
9437 2720 6236 5026 394 2041 7117 7295 1570 2938 2119 2449 9879 6049 4953 92 8208 5655 6385 7435 
2405 135 1917 8523 566 5647 1576 1562 8977 8646 8959 5290 8332 5118 4035 6852 8830 3570 4981 5824 
16 5777 6558 8927 4523 7052 2607 1715 2179 5503 5641 7765 2437 527 4255 8071 3410 6514 2354 7349 
9386 6232 2528 1366 4373 4210 4432 6400 1680 6501 9141 3153 657 5987 7195 2193 9024 1575 9091 4151 
2776 1373 6369 6672 9427 9170 5642 4806 6692 7675 945 9028 3892 8528 6163 8044 448 6861 4348 7378 
9385 5185 6870 4572 4921 3325 6922 2997 5142 8323 5458 2852 5865 6003 7351 5065 4461 1619 7925 8859 
8050 4371 1453 4444 2282 6186 7721 3031 1798 3141 9412 892 9347 6470 2956 2452 3002 6071 9161 1050 
7252 3241 2464 8483 2394 3346 2939 271 8007 1134 9022 4008 4903 785 1980 2644 1239 9488 8867 9103 
6175 4853 1434 2965 3881 7902 3848 331 8963 1392 1809 3097 4497 3696 2190 8158 816 3627 8335 4454 
9181 5624 2004 8746 2767 6426 9191 3611 5733 542 2109 9142 1761 7973 9931 1266 4477 3532 58 8729 
6793 1026 2340 9309 9661 9101 9811 6468 7503 2474 7068 8485 5014 3597 8470 3783 1493 1089 2136 4756 
2132 6391 7230 8274 3099 8750 8288 3039 2697 808 8596 3284 7618 3678 7161 3312 6681 9339 3086 7632 
4849 239 8557 6210 3282 9547 3756 6864 4985 8030 9033 9747 436 8531 9544 8379 3838 9096 6409 7719 
4703 3174 3299 2989 2215 8092 7825 8946 263 1186 6745 5801 67 1646 2745 6854 5409 8446 7701 1614 
6695 5047 4155 1802 5571 7781 4131 8741 5821 8414 2763 7541 1040 8320 859 7239 2787 2271 1530 3062 
7504 7586 1077 7283 8521 8307 6535 919 2298 9273 5663 8154 3585 3220 5326 1294 2627 6045 1430 446 
2130 5197 427 4661 5828 1507 9290 7899 2843 7835 5471 517 10 2095 9065 7427 8275 8177 1332 1021 
6633 2746 6805 2652 4103 9133 1414 8583 6912 6966 7560 4322 9416 3980 2172 2847 1271 6784 3426 121 
920 2204 4948 7167 3957 3209 524 743 2259 9208 2771 731 7573 4476 9233 4888 8925 2880 7892 4483 
4453 2869 2991 9756 772 2325 430 1564 6900 7810 790 1061 3920 1745 1674 8730 1022 8897 7082 4256 
3184 4716 8674 470 4369 1151 981 9375 3421 293 9933 2152 9909 2051 7775 2225 2808 2470 6611 7523 
8344 4397 9789 4242 8782 5170 110 2876 6615 1775 2174 318 124 2634 2608 3998 826 1498 6536 3534 
2038 9937 1751 787 8713 2244 4425 735 5095 6537 3198 1476 1319 8222 8503 6447 2406 2521 3369 2154 
3295 8062 7824 5351 5522 9454 2529 7498 1394 8841 6837 949 8634 1908 5558 6192 6538 325 4631 8130 
6659 8932 7312 2673 4852 2615 3021 7533 8592 7332 6995 7228 7128 3679 5019 6422 3125 726 8401 2465 
9075 1958 2636 7377 3489 2553 6460 9870 5151 6638 1633 9990 7714 5104 4994 2365 1608 6943 6783 6764 
6337 2713 6916 4010 2121 4514 3740 2332 9081 9165 7072 5276 7828 9010 3827 3523 5301 3229 2640 3438 
1023 9465 9588 8826 7098 3149 52 4408 2945 6915 7207 6714 2139 450 5560 2116 9389 9753 5003 3445 
4956 4019 5258 1355 4283 7384 3479 3027 8569 1374 1321 4862 7718 8639 9055 558 1932 2171 4694 5271 
7480 8002 1303 2841 4957 5378 1663 8604 3913 5523 464 2967 4416 648 9711 2024 5679 4502 1382 1429 
1569 8863 6213 8760 4027 6152 1550 6674 7777 2425 5710 1786 1347 2165 1438 8510 8621 9422 3283 5414 
4707 123 9779 9245 3029 9901 6239 1855 9286 82 6755 7267 7684 5714 4179 5880 4341 5881 5067 6617 
9897 4189 3287 447 8853 3469 3895 4213 4786 5773 8685 2077 4805 8226 7166 9891 365 5536 6464 9150 
3269 9037 4016 9674 7035 3413 3118 1368 9941 3857 2305 7193 49 7731 9854 8205 605 5501 3536 7282 
3248 3336 5380 7203 7977 4810 42 5521 4039 6850 6585 2401 3745 1356 1658 7180 9600 2149 6752 4521 
5443 8420 4543 3419 7412 8573 8660 5790 9684 5960 7955 1499 1640 4944 7044 306 8108 53 1466 2857 
5796 273 9196 5266 703 5846 4221 8565 1030 6717 9611 8292 8322 2538 6017 8306 5403 4668 8482 4683 
4923 4334 8580 8567 7380 6451 6061 1832 5778 3748 4043 7933 4368 4748 928 5607 9701 858 1876 4023 
3376 9007 7045 1199 881 3437 5022 8296 759 5625 9673 4708 6934 5699 5940 3236 2940 9496 1281 5430 
8846 2 1519 8836 5603 5559 9107 3208 2216 4578 860 6103 4503 1580 2081 3480 8921 498 2495 3218 
229 1532 7863 4367 7199 4034 2613 6829 1709 47 6950 8069 3051 6038 5793 6684 472 8589 5121 6048 
2577 9111 130 6366 2161 308 9271 9994 2209 9612 5305 8416 7969 8716 2860 4685 9515 6243 3994 3202 
5800 9231 3363 8837 473 7362 1245 6762 8079 5626 672 6371 7733 6822 2913 4993 1856 1935 4720 1371 
2756 9582 6798 4857 8960 6996 8256 9452 3974 9817 7191 1951 8607 7658 4681 4808 7820 8620 6942 9440 
5064 3009 9417 628 9979 5366 5921 2361 3245 5388 3904 3657 7488 514 1906 5686 2369 1474 9621 211 
1577 9487 8535 5690 2895 6708 7862 4878 5111 7111 2481 9321 4115 3931 7712 6902 974 891 197 7152 
1105 3694 6436 6171 9598 4511 559 9842 6544 7622 5112 116 4192 6022 3110 3557 7834 3497 8697 6889 
7389 3767 5725 1907 7293 914 294 1524 933 5002 5439 658 7649 4636 6292 285 4580 8318 7895 512 
451 7855 3330 4714 338 846 4827 6722 6716 2392 2888 7505 5200 683 4692 6072 1659 6365 3434 4374 
4370 3726 1304 6359 7453 4909 8350 8364 8779 8198 3794 4296 1981 8304 4342 1784 9681 3866 4532 6772 
802 61 3177 4386 647 5451 6161 2561 2727 9728 5146 6339 7397 5963 7288 6467 2839 2311 2424 5084 
3630 2883 487 6842 3884 3652 1572 9069 4610 4291 4114 3193 8579 878 2463 1404 8356 6294 8146 6776 
8953 6242 6080 5086 4358 1334 9174 9945 7431 8998 6388 8723 2842 6739 374 5649 2300 5362 6461 9531 
3779 7356 5531 8516 8310 4080 2347 5549 8117 5750 671 3258 7683 2707 6067 5391 9700 1883 7009 7002 
2824 6749 8391 4848 2458 2090 1656 5061 190 2231 9834 243 9631 7056 4965 7237 2245 5340 6267 8761 
9451 6039 901 1000 5613 9313 2823 3179 6387 2274 5912 5167 6574 6664 533 5323 2363 6440 1681 3201 
4792 9320 1065 4846 7285 3571 3894 7735 4231 7273 290 6144 3665 2754 623 8885 695 2515 1877 2378 
8315 8058 9856 4096 3673 4634 3935 5847 8427 915 6452 5363 8399 2891 3070 7861 7612 727 8387 5379 
1792 3081 4475 9 8261 160 4968 5765 4697 2633 8366 1401 3538 4782 6233 2286 4187 7452 8992 2113 
2645 8817 1419 3741 7492 2423 1004 3178 7660 7115 7942 1412 1449 8210 2310 959 7235 8991 7817 3331 
6835 3038 9708 8864 1007 4902 1157 2239 8648 3616 3108 4435 2071 8844 9119 2477 9448 7700 1534 813 
9796 5152 3973 2069 8223 5404 6428 191 9849 148 7023 2567 2716 9425 1684 7487 7703 2445 951 3302 
332 1261 9894 5804 5659 9680 4101 9889 9542 7954 6474 2572 686 4859 6120 4325 4896 2085 5011 857 
2064 8640 9410 198 5887 2384 4144 9176 7259 5951 8211 8615 3608 1081 8545 6590 3160 9656 4509 7953 
8087 6531 411 2768 1043 2859 7182 9898 7308 7370 3272 112 3349 975 5792 9194 8597 4174 3163 7641 
7613 5068 321 639 6450 8883 3496 247 5099 8182 4785 4407 1610 8285 4680 3966 3621 768 7871 3461 
6588 4119 4834 3468 5273 2358 3797 4319 2596 3290 7084 1618 7648 201 3921 346 3448 3109 7569 2935 
9855 9954 6907 12 4044 8220 4699 2998 2960 6479 1527 8539 678 4028 9635 98 1638 7318 4813 7464 
7678 360 940 1060 6515 7248 7870 4615 2620 8852 5745 8635 4405 9229 7059 6575 5329 4845 5868 9603 
7027 1198 4939 1531 5696 7943 3614 665 1275 3292 6620 1504 5123 4975 9761 156 3948 6648 8762 5135 
8736 8903 6101 6917 8802 4395 1417 6679 9570 1416 3563 2848 526 507 4752 8373 1233 4872 8911 1892 
1107 8605 5477 5597 7313 2970 1602 8658 7402 9372 1595 1626 5291 3721 5992 5884 803 1956 6791 7316 
5470 1423 1808 9946 591 3228 1098 5556 1768 4531 5250 7067 685 9184 8397 6297 2261 5795 6353 1480 
5996 2982 1960 7439 2339 7368 4788 5239 5349 3777 5650 4930 9584 557 935 3580 6340 4926 8028 8707 
2281 6259 7421 1287 5550 6723 1667 3555 3474 8394 1396 8294 2972 649 8720 3040 2691 2777 8572 2571 
2181 4471 6013 7208 1517 8774 5734 1944 8033 4651 1331 609 3867 2200 847 6011 1230 8690 1707 3374 
2357 272 3591 9622 6571 9251 5827 7047 3990 2867 214 4302 7357 4013 7361 899 8119 9338 8603 1847 
1155 1055 19 6616 4742 750 6905 4931 2097 468 7501 2910 608 3572 8968 1647 3105 5590 4732 980 
3350 8237 6138 4225 5440 3992 3736 480 9833 6815 9572 1215 1699 5509 1225 4605 4443 4097 1192 353 
4739 4516 9322 3440 9331 5059 8375 3280 9149 2367 4709 6851 3246 5701 6498 7134 3001 5377 6548 2066 
9492 5681 8095 4353 1161 6399 8308 4040 2658 4481 7656 3969 8432 9935 4772 3221 5538 347 1976 3548 
838 7515 2712 7986 1973 4058 5031 9843 7234 1518 5913 3729 3846 5896 6338 2033 5746 5515 7611 7872 
5518 2355 4935 7287 381 7337 1925 3539 9746 7530 6642 9893 1975 4552 8679 2541 8291 4132 2359 7390 
3443 8016 7319 2693 5819 2435 9012 7379 2507 5593 6419 3072 3786 6985 2091 5114 370 8301 6949 1291 
7926 5816 4315 3806 7511 9462 344 9213 7682 884 5924 9636 7168 655 2117 1345 6802 5776 5753 6224 
2206 7289 7858 4462 2632 182 5657 5989 8584 2352 2319 8576 7739 6737 23 6031 1140 2514 1042 4586 
888 9741 5174 1325 1158 7576 7940 8173 3130 7842 961 5759 1905 600 9736 3603 3991 2903 5412 5406 
8986 6194 9910 8556 1535 688 906 9278 5621 8230 3903 2821 2606 6111 1939 3262 4052 7572 825 9589 
5857 2320 3725 548 5678 2189 4193 7866 907 2494 6179 5423 8709 1773 5331 3717 9610 6139 5668 9284 
7737 7906 1212 7821 2706 5811 3073 7409 5891 1778 1603 8958 9752 2676 2115 3674 9354 2407 4766 2704 
6724 164 9185 1422 1435 1641 1490 4761 8251 5230 5931 2228 4749 4795 2709 4791 1722 4745 1101 2469 
6195 1410 2343 2212 850 6095 6316 4814 2699 6981 3589 390 9694 2482 255 2511 9552 2881 3199 5045 
6225 9787 343 7774 3985 3543 4033 6018 8438 9637 5602 1926 1270 9384 501 9382 5272 6976 7914 2723 
8888 1880 5182 7369 4003 8471 7094 66 6136 6237 7025 6715 724 8040 5892 6289 3276 5437 5408 3226 
1903 2260 1691 7359 6240 2630 4140 7017 1115 4073 7157 6182 2863 8896 5053 1454 6761 1214 8926 5441 
3508 7625 9823 444 9715 904 7292 3057 912 91 6499 6078 653 9792 3956 7724 8193 8496 4828 9613 
1149 7978 466 8423 7514 8174 6258 6509 3964 1977 6753 8351 3189 4777 8136 7177 7655 7408 540 4820 
9938 2273 5411 6508 9388 546 2314 7485 5201 4804 5162 1823 6919 1897 3864 1990 1289 9549 6185 9013 
5529 9093 8151 4127 3836 9923 4616 8725 4730 2250 265 8637 1919 6589 4113 107 9559 8254 3792 4194 
8260 9246 9772 6193 4328 7574 5478 9524 943 2978 6413 5310 1609 3485 8361 8460 4629 4198 8245 8835 
4428 8502 5971 4335 3162 9167 4068 6205 9890 4489 7980 9327 5489 7466 1497 1182 1352 2178 5615 5886 
1634 6587 2316 8696 301 4841 7020 5043 4282 1327 3760 1650 1854 8623 7081 6041 6774 6029 1148 2026 
9441 8550 1146 5962 5651 4456 5961 7385 6628 625 2684 1433 8700 8336 7846 1913 3402 9190 5843 2349 
3028 252 4927 4762 7 2675 4949 9397 8807 7309 139 8056 521 3609 3356 2293 5494 7470 5484 992 
6379 4109 8714 8415 8120 5627 3390 6300 1918 445 3214 7778 5025 1895 5658 5977 9361 3878 6226 2411 
6434 1348 2248 7934 989 3950 4768 7884 2379 8224 2251 7883 6165 1444 2345 6146 3217 2750 6290 5799 
3400 4996 373 6291 4196 810 9413 8248 6155 7019 513 8509 8602 8053 1109 549 6790 8854 6097 2837 
8376 2044 1838 5998 1885 442 62 2226 2828 6303 5833 2100 6645 443 1922 5000 7219 6595 5991 5904 
6393 7704 1837 5381 9456 7952 3562 6151 3409 2845 2451 7610 4704 5631 4837 2135 9379 2490 8232 693 
3540 6357 2822 3795 9554 6680 2580 3712 8875 6731 6203 3676 2647 9825 9795 2188 8295 7373 5594 2718 
5421 1380 5315 8341 837 3453 9839 7621 3788 9109 3938 5763 4227 637 9658 3138 9648 5619 6941 1910 
2112 2683 4821 1672 7186 1725 4495 207 3456 8144 9841 6789 852 2856 2124 8538 5837 9538 3151 1780 
1059 172 433 9955 3891 183 6093 3477 7352 3707 3933 3077 7827 6576 9504 6947 6090 1790 9398 9381 
441 5157 9578 171 863 6639 5692 1870 8645 1091 8051 5705 8018 8206 8212 3305 333 4637 5856 7344 
1966 7274 1643 5010 8965 7275 5217 2719 7371 6763 3216 2253 1583 2523 9135 9716 3752 588 2063 8527 
9032 249 8468 8009 1343 5465 5993 6957 780 4120 4864 4613 5359 5209 3372 2587 1258 5497 5083 9329 
8372 9099 4861 2875 401 3641 2527 8662 56 4769 3254 5925 4347 2872 5588 749 4380 9464 8267 2557 
6354 626 356 3732 7510 9960 3317 6879 6824 2498 1893 4679 3619 8317 6978 2947 4583 9302 7407 319 
6199 3500 2017 7441 6517 1992 8780 6036 9958 6651 9477 8343 7885 6283 6448 5348 6263 5771 5476 9670 
3598 1428 1393 9415 1934 7692 6689 869 114 9315 5638 2890 2023 7796 2039 5325 9466 7062 6751 4525 
4928 7685 2696 9319 2762 7764 7132 3661 287 9977 8577 475 1372 1852 3121 8983 5073 7799 8196 6967 
421 8530 2708 6246 4776 516 3112 7800 4684 5191 5265 8477 6215 8072 2858 2879 7669 3773 4281 3206 
38 3582 7341 7539 7328 3831 4736 1613 7114 6821 3320 9609 2907 7270 176 3687 11 4535 6614 3364 
7428 153 6931 4350 4092 2990 2491 4041 5354 3450 3647 2926 3257 6433 8999 3171 3801 8367 4383 822 
4006 7819 782 4238 2516 7585 6220 3731 2908 8970 5394 5702 5462 3393 6271 6675 8346 1367 3224 6709 
1143 3546 6485 8242 8369 1415 5623 1300 9276 2914 7619 8540 1512 3888 4672 4278 4065 8426 9414 2519 
7015 1887 4764 9085 5320 136 9885 5375 7075 8566 414 939 4376 8518 345 3265 1019 6130 7296 2792 
7401 1071 4262 4447 1029 4947 4301 8578 882 6295 4459 408 2443 2755 2485 3067 4243 2562 330 4009 
4360 8041 3876 1122 3807 1447 4062 7615 3465 2256 4112 6135 8169 2548 7995 6149 1211 9411 5970 4337 
1283 6944 5148 299 5474 1862 8200 4860 5205 100 1227 1318 2324 827 694 777 7220 7878 1054 1491 
1972 2916 410 4207 26 2631 2924 405 3311 7347 9563 1106 8017 9940 6219 1112 4487 1247 3365 6787 
7399 7936 1156 2930 1068 8252 1330 7623 8474 6769 3341 5280 9899 1014 7058 8160 1217 4901 2330 329 
504 691 4718 235 6252 7748 9725 7032 1801 8217 1189 3049 676 2380 371 3023 5738 8649 3167 1874 
8908 5361 6254 8732 7469 4654 3460 2765 4473 6147 8467 1879 5862 5917 1465 122 7789 531 638 1805 
4233 1612 2550 5499 9976 7360 1341 4972 6315 4741 8312 4339 4606 7642 4180 640 3544 6114 9209 7713 
7018 3635 589 8842 4149 8769 769 4538 7126 5854 8820 3655 7071 399 7687 6655 55 1048 7215 4594 
5261 2318 9201 9332 9875 9358 9094 5639 3854 5149 5552 3315 6621 5682 5635 6956 5372 3104 3820 187 
3046 5214 8966 3142 8822 1637 4308 8360 7760 4924 7616 6599 2003 8218 1727 6099 178 7920 7776 3357 
7314 2517 7005 8599 3832 1479 4445 4778 8609 5110 1624 6335 8113 9575 9453 9604 8731 3764 2277 8711 
4294 1365 6037 8243 3755 2144 4519 4611 7343 3429 9883 9530 7120 104 9084 9573 4156 8157 9434 6044 
6008 3766 908 5393 5543 8191 4540 821 4914 4793 5492 259 2031 6108 756 4214 5897 2156 6230 3278 
6808 4215 3004 4662 9463 2793 9168 284 1496 3521 4005 3624 6592 6228 1750 4177 2692 2899 4264 555 
6974 9177 8088 6164 5130 4099 634 9564 8450 2129 8324 7801 4204 1342 6987 6965 1670 4351 2078 1927 
3642 1844 132 1758 275 6092 2609 606 5030 7949 3076 1284 1867 4493 5584 1819 1047 1850 3140 7579 
6794 4630 3638 2050 5077 9887 96 9123 1560 2210 5370 4823 1900 3000 8971 1688 5125 955 2303 3968 
3943 8890 8398 929 5299 6507 1537 6356 6256 6631 6605 7730 3789 6683 3388 2276 876 4645 6402 6904 
6298 2536 8338 7557 6302 9202 6266 1573 9508 5116 4090 8283 7255 4597 9720 985 2988 1588 8458 2267 
2520 2287 2900 7930 9023 1443 1592 2441 1731 1689 3190 5347 461 8010 770 6238 2427 6882 8349 8486 
5399 8586 4725 4976 3065 4217 4381 7420 528 7624 2238 9353 4394 3050 7000 2614 6528 6839 988 4170 
3578 7197 138 8114 2444 3750 1829 2475 8574 328 2400 4491 5352 4646 5546 677 6395 2419 5600 9122 
9249 651 1881 1541 2088 5447 7676 9215 3301 6100 8581 7477 9886 9965 7055 6945 6495 258 7049 3942 
5580 1305 4091 4815 7773 3145 9583 4330 7747 6962 8140 620 6938 2590 5539 5820 6549 9261 2801 3753 
2551 2663 3250 5113 2585 7519 2870 2530 7609 117 7031 5760 5914 2600 6868 2773 8313 6892 2999 8008 
2806 9650 5387 1830 397 9690 4251 9461 2009 5636 1813 8808 5601 5606 5527 8022 7490 6113 9438 4886 
1349 3447 3345 8771 9996 1051 4544 4671 88 5949 1710 6214 6390 6480 8552 6438 496 7554 5666 3037 
1483 7479 7888 6623 5762 7151 406 8276 3839 286 627 924 1682 8651 1475 7478 7302 9820 5728 3507 
4991 8382 2045 6137 1605 763 5676 7979 3953 1859 5564 4448 1822 5072 9815 7353 8305 1606 3338 4385 
5219 167 697 2966 1235 7416 711 9112 3776 6318 8096 7223 2079 5939 8668 3890 6958 2110 2323 7323 
8352 6074 4733 5736 7822 485 1441 4488 4635 3622 6054 3473 4393 9748 5284 9157 898 6184 814 9120 
3403 1812 8726 550 1069 2874 6047 8972 6124 337 8303 2749 9484 1306 848 6160 9206 7300 1994 8019 
6089 9027 9765 9173 3901 2921 3628 2830 4171 7763 4336 6786 7909 9695 9618 8348 2804 5689 5541 6562 
1154 295 5108 6276 5879 3528 5751 9342 9351 6128 2448 4354 3702 5177 1326 8981 722 94 1950 5161 
9561 9540 6678 5006 2073 5578 4404 7893 603 6201 2197 4505 9460 8657 5342 2351 2087 938 7393 500 
977 3684 1387 1436 3850 4378 1036 7927 5289 6539 54 8381 492 8497 8247 4490 2950 622 8107 8839 
979 9049 7556 9907 1102 6119 5080 8806 3626 5841 231 5244 6346 1804 2170 8138 3902 1389 3944 9439 
74 2329 1982 8734 324 63 8089 4574 8823 3103 3610 8124 3503 4241 4893 4212 8184 5309 5570 5683 
3723 7831 499 2092 5058 4081 9030 8238 2786 4582 3502 2894 9689 6641 4433 6860 1268 6832 3668 3298 
2898 5646 5633 5581 5027 5016 3834 8074 1845 8034 1066 1774 6874 7053 6349 3462 2654 4759 997 737 
2103 3423 5860 8440 3194 1426 7194 3805 1629 8776 9633 7806 2342 1915 1721 5965 8777 1551 2672 3515 
3918 4539 149 9230 4744 9480 580 3999 1963 6554 7486 7854 4396 3681 7112 661 108 6389 1889 8564 
221 1565 8878 8881 4876 7881 9614 7395 8952 5422 6513 6819 6410 6187 7264 1726 7099 4093 1302 6711 
7689 5861 1998 2185 1020 4123 9335 5227 3088 5691 3912 6801 4236 9590 1057 9951 4687 8487 7258 7646 
3981 3961 6520 2362 9900 6351 3743 4458 5444 4377 34 6914 7010 6584 8632 428 2681 8197 2254 7315 
701 2591 3427 7381 8783 760 2743 5995 4344 1450 6952 2434 1742 1695 1821 3962 1938 1597 7587 2005 
1890 5445 619 7471 5859 5946 8995 8255 5357 3889 8938 236 9709 2834 6924 4515 8105 2137 2468 5818 
4418 7206 8606 2389 5397 8558 4261 8858 13 9806 710 1455 2257 5264 7849 7725 4920 9502 1085 7434 
6846 5062 8027 9677 6577 6652 3132 4722 2131 5413 7550 5809 4439 1481 1644 1269 8795 1604 2564 4746 
1391 5958 9803 6632 1229 794 266 8945 1818 515 5972 1954 6948 6814 6823 7956 7376 5810 6760 6768 
3924 2018 222 1698 573 584 5947 9046 2258 8708 1126 5942 2689 3927 8683 5389 3793 8678 4066 8179 
5223 5294 9714 9553 4649 1706 280 6980 3012 8448 2388 2625 2922 5150 2289 210 6582 7326 7794 568 
5012 6608 8166 6726 7159 2677 2555 8918 1363 8084 6622 9851 3355 8111 9281 9344 8704 2661 1639 1839 
7804 5270 4078 1276 8838 6609 1940 9719 9835 4560 539 9535 5259 1242 9446 7413 378 2722 1316 5183 
7425 3075 9704 9506 2987 141 6249 7602 5350 9325 7976 4826 2086 6110 5794 1533 534 2506 1088 7793 
165 6285 5740 5805 7069 7985 5087 3347 5483 8396 7141 1150 4627 5453 7290 2943 6970 641 563 6521 
2283 7304 279 8906 6806 7204 5713 1431 1974 9525 6884 3255 4182 1631 7365 4087 9228 5431 9953 520 
4205 6559 3692 4254 824 232 5334 1984 1205 2048 9364 4854 1825 1399 970 6506 6644 2957 3332 705 
7900 9866 8562 145 7938 1594 1704 8901 2373 3354 7563 5339 9784 2936 1677 7192 5251 2315 4424 3941 
6704 2522 5985 2371 5186 2242 1772 8849 7039 1472 3249 5224 8786 8748 4955 4899 8851 5178 5312 7417 
804 3525 4209 1254 5786 4593 1244 601 6969 4287 2731 4246 8134 2101 5704 7937 3606 6747 6493 9350 
5405 8788 4478 7584 326 1620 5070 5132 2690 9063 4037 6478 791 4303 1567 6336 7026 4835 5275 101 
6134 9968 699 7640 4875 5482 789 9433 8 5882 4526 4626 1147 9964 8504 3483 9862 1138 4869 5248 
9880 5528 7680 4666 9265 6484 7029 2569 2211 5952 3567 1665 6094 831 4117 776 6306 9845 1116 3556 
554 307 7998 2759 2789 8099 7815 5968 9054 8043 4798 3286 2331 4882 3420 5937 2715 3682 5038 2948 
6871 7709 2969 9523 486 9555 3488 1471 6345 3815 2601 9430 6472 6797 6779 6482 6972 2207 1508 8891 
9365 9828 5680 2446 9734 6836 1669 9272 9767 5599 2761 3659 9166 957 9449 3252 7823 5057 4847 5324 
7766 9442 4082 5579 747 1274 9669 3018 9299 8715 6153 3819 1489 3963 6075 8514 5216 2918 7006 4128 
3744 9275 2929 8059 8628 5156 6877 7543 2621 3625 7256 4307 2067 5049 158 9366 457 9485 6257 6903 
2560 7130 8331 9407 1459 2669 303 2074 7734 9203 8127 7188 1931 5056 5237 9158 7839 3569 8172 8075 
3851 1928 1540 669 3235 1777 6333 8188 5973 7089 6241 9199 3970 45 8122 1779 6378 8358 9585 5256 
1525 1744 1696 2897 7271 5410 9474 3260 3908 416 757 1652 3727 32 5007 2201 1661 379 4840 5770 
3636 6070 4190 7214 2678 234 6994 7957 6746 6660 786 5454 7696 4534 9971 2612 8413 833 2403 9721 
7482 918 2714 3196 3268 9717 7451 751 6543 7650 5034 4639 8032 493 9984 3775 170 3754 3780 3531 
3092 6780 5850 1074 7545 4589 3915 5813 4562 143 8909 8843 7054 5452 7484 29 1176 3231 9301 1598 
9727 7750 2637 8441 1190 6211 9288 2187 7583 1187 2698 9819 7848 1957 8060 4568 2499 2549 7226 5645 
2670 140 7448 2781 3871 6825 7086 6488 4658 4124 1265 1221 5889 9936 4014 5614 1865 5577 7606 6198 
9222 21 5929 2439 2265 479 6673 7963 4272 6921 1904 8201 4329 9580 5143 9218 1952 1280 8752 269 
8068 2160 39 7636 8408 3714 1793 1344 7840 9059 2500 1863 8811 8385 7024 2705 3800 7246 7941 4510 
5742 6872 775 1292 1360 312 368 8257 8424 4590 5300 7184 5429 3061 6126 7663 9232 4546 304 386 
5 6248 9782 4244 8721 4135 795 8052 1378 6157 1828 7110 8980 610 8956 6895 9913 7639 2272 5218 
7079 5101 2252 4904 1118 9790 4936 372 3492 1241 4702 7243 8038 9848 8240 434 2737 788 4712 4070 
9360 3734 4046 4145 2043 1967 3200 5895 6505 7433 8078 5481 893 712 6542 4983 9225 6865 7542 4925 
2059 7517 7911 8728 5001 118 6937 4591 1878 3353 6881 5321 241 3568 4696 7473 5400 5673 7374 1720 
7845 1002 8183 9468 2297 2864 2327 8300 3504 2402 6959 4602 9419 5013 6001 9738 5526 7983 261 6308 
3005 5979 3592 3321 3396 6107 720 8575 1891 7784 4403 2905 1386 1463 4655 4288 5969 9713 3667 2603 
7342 511 5644 75 2167 8601 4431 3401 2012 5332 5090 6853 484 7654 6661 6984 2546 3391 6533 8964 
8947 4056 8794 6551 3237 4259 9906 209 1929 5875 4075 6927 1860 1470 6015 185 9298 2290 1746 5079 
8767 7915 6416 9577 6483 1076 2539 7077 9562 8081 9058 4494 4855 1264 2453 4007 3222 8457 5563 3821 
6217 7355 317 7947 3183 8270 9285 6930 3080 732 3517 6420 812 3352 723 5040 4499 5779 9495 5605 
3487 6159 7467 2952 5775 2376 4570 877 1962 8848 6408 7561 2054 7970 886 6640 590 4556 1477 9628 
6227 8719 7755 4409 7260 5295 7965 8610 964 6168 2954 8409 844 4230 7693 8362 8895 1427 5906 6613 
9847 2255 1358 1053 9959 9867 8115 4178 15 8666 1486 9718 6677 7139 5008 3537 4258 1145 7317 3412 
1200 2346 5975 6055 6125 8699 8370 3845 8454 5506 5670 4775 9512 5037 8886 2123 4674 3549 7415 9739 
6961 9532 5547 7392 7644 7198 4138 2467 1250 1133 5845 7083 3579 4163 9816 3466 5640 4945 8359 3841 
2885 8159 5168 7331 6262 2476 3240 7951 8465 1627 8190 3518 8828 9145 1064 2752 3951 8178 1390 5899 
7472 1218 5508 5179 8244 614 2002 3168 8533 5096 5926 3026 1851 5285 237 841 7444 509 5184 5782 
4417 8546 552 6918 5974 9402 1645 7738 2175 1317 5247 6646 3366 7108 9383 3880 6604 7446 7064 2021 
5700 7179 9282 2503 2194 6073 2975 7116 5139 9051 7518 5180 8904 2308 5500 4758 4973 3772 4004 564 
2701 4154 1329 7875 8101 1056 4102 2404 1204 1114 5693 8015 6503 8939 8899 5936 9016 7440 3044 3757 
5980 1079 2062 7832 9659 4419 7156 3066 3870 2878 6565 5395 3758 7536 1831 311 5941 7716 3511 9038 
1226 8302 7889 8801 3133 8845 1993 4571 8933 1041 6431 2525 382 6923 1948 1875 7221 9749 6360 2337 
2015 3326 4274 5252 4173 9303 3406 376 9645 3685 5464 3595 903 8987 8870 8082 9536 1457 7732 1120 
7707 1311 4148 7529 7898 6946 4620 1971 3781 8452 960 1397 7460 8180 4455 9868 7388 6312 561 3107 
2501 4224 8812 1515 4916 7118 1749 2391 1788 6816 8882 2798 2545 195 6197 9106 4468 5890 4911 3804 
7772 3907 7780 8137 9156 2471 4411 4472 220 2593 2775 8363 2665 1529 6459 9062 2416 9017 8145 798 
2599 7096 7894 5721 2127 9928 4021 3558 6181 4160 8202 6293 4355 6700 994 7966 2616 3691 1153 1654 
7787 3501 817 2266 5365 8907 9799 6736 2169 9812 9939 2177 1909 3111 6516 4053 1407 7438 6727 1739 
2729 8513 7174 5842 7322 984 1364 2056 1734 3094 8400 3170 652 8436 5608 7396 2364 3979 3535 6367 
1128 5883 420 3495 2934 3123 2336 2360 4121 7761 829 2301 9250 2432 4567 4203 7690 2871 6603 9291 
7637 7334 1635 4094 8694 689 5812 7430 983 8047 28 5358 3513 3885 6394 5767 6933 4723 4111 7607 
4247 4012 4547 6841 2766 604 6435 7394 8824 9797 3205 2269 9154 1787 78 4086 9624 2964 2094 2736 
72 1970 2133 348 3323 1871 342 4295 7910 3266 425 8505 2655 1561 611 9293 6273 2686 2128 4450 
175 146 5304 4129 8681 8493 5585 212 5504 3436 3715 7145 2592 8066 6887 2060 4108 3620 7418 2429 
7516 1044 1513 8951 5535 1501 6253 2568 5498 9210 1947 8148 2292 6117 24 1687 6481 340 3016 5236 
1080 659 6519 7109 5369 3458 9528 3052 254 1267 8472 5463 3899 8353 646 9770 8840 6086 950 6858 
1411 478 3243 8889 6019 3808 3238 9160 7531 8392 1961 1 5336 3127 5928 9098 4326 8380 2846 1333 
1789 5718 7811 4088 8797 6656 3860 5562 4608 1730 8784 5870 4675 350 2027 2052 8626 6766 8655 7999 
3909 5732 3770 6663 1169 4969 2819 1208 9421 7513 6909 3822 870 5382 713 3348 7975 244 4464 4622 
1585 6583 532 6397 948 7634 6443 7217 968 1578 6025 2022 8755 1384 4025 5417 8236 6547 4022 1464 
3261 1995 0 3560 6268 4830 1111 9459 5204 3385 9634 1201 2695 157 2558 8758 6682 2061 1942 5330 
8664 5877 6977 313 861 1834 635 7153 2102 4558 8065 5338 4054 9021 310 1586 4850 5898 7483 4436 
7620 3965 6172 1817 2016 6000 1724 2904 3967 7429 8595 8406 5303 1717 2668 2208 3006 9594 872 7923 
6188 4912 7997 6403 8163 5838 4802 9957 4566 5512 909 6901 700 8133 3394 5918 8627 3718 9374 8207 
7705 5575 716 8228 4072 5193 5517 593 4934 3658 8449 6894 3959 1542 8923 219 7757 4844 9975 8443 
8476 8733 1255 6060 9392 8463 3865 5475 9129 1033 5455 799 8490 2959 1767 7137 575 9080 8644 4104 
1350 3771 925 1679 5060 7762 5175 4879 1781 5706 9539 2803 3872 3817 7073 4359 2000 8703 4060 7829 
6529 3493 9473 956 48 6372 4992 5660 2205 508 5333 359 4036 3545 8893 2508 5789 9498 9882 1121 
3176 6386 8943 1451 5787 6973 2955 1413 1354 7582 9822 7929 1752 3137 2862 3219 2629 1203 4169 9395 
3139 9418 3849 9543 6009 3768 9857 5071 5433 3703 3204 2497 465 7702 9626 4877 5756 1539 9056 4757 
3043 3122 8770 7657 8209 8299 6569 3449 8879 1712 5920 3785 8378 4908 7688 9066 7050 3035 5788 5215 
4693 2457 6317 865 5533 7562 7869 1383 579 8281 7030 766 7340 6208 8676 7590 7119 1301 6740 6718 
8478 2237 1448 4074 5286 6287 3307 6699 4565 6510 2933 8434 1405 7626 6653 8181 2833 6935 8433 4200 
7143 7021 2739 734 9068 7711 9693 4595 851 8271 9326 4946 5318 8608 9949 578 5945 7247 3719 733 
9283 1810 1086 2797 1123 9005 6635 5520 2832 3383 9220 5288 6596 1616 9489 853 922 819 5616 1236 
7135 3612 179 9377 4057 6280 6986 2028 3648 5461 4520 5983 3573 754 5495 7715 429 2813 2270 8064 
3762 1996 4284 4384 1676 7391 2818 7635 43 7742 6002 4356 5864 3552 6771 7475 5938 2288 3809 5024 
7051 9455 2233 8692 5033 215 4018 9514 729 1003 3510 5835 1997 3115 9778 6425 5402 1010 142 7990 
1185 2353 9688 4248 9268 2213 8175 4479 6899 2889 9219 8319 9234 7736 9020 1045 8915 3136 7851 4441 
2542 7595 896 6955 5591 965 3910 2374 1279 4474 9050 7512 3769 4999 2597 2951 855 3397 8759 503 
9617 2036 7046 718 8384 5078 2037 2849 5341 5075 7136 4402 5005 8874 8677 4691 880 9036 3787 6027 
3952 2582 4915 3600 4323 7786 8216 9155 510 506 3879 8979 9370 5283 5510 902 3036 2827 144 7063 
3399 1095 5632 4067 3664 217 3519 9526 404 9605 2428 9623 4175 60 6511 3470 2454 2386 9852 5915 
6524 6844 9436 4898 7016 8544 1611 4465 2220 3698 4089 3098 2459 4412 483 5292 8462 3439 4388 4289 
9840 982 6200 5119 2138 9745 1485 4063 9136 5637 3360 6143 2055 9678 4414 9805 4438 3173 9861 4045 
7588 3601 1263 8524 4346 494 7726 5894 4095 3526 1090 1385 5051 5129 7751 1858 6427 8868 7960 5513 
3270 1574 5815 3651 1668 2020 8213 5044 491 3459 4316 86 6442 7856 8282 7826 7410 253 2836 702 
7404 8061 2398 4783 1037 6759 673 7178 7131 9541 7877 2473 6637 354 2996 3188 2788 1310 4650 966 
9404 